***************************
** BTC price information **
***************************

Average by Year:

    2009 - OPEN      0.0  --  CLOSE      0.0

           AVG       0.0  --  AVG incr      0%

           Prices: [0.0, 0.0, 0.0, 0.0, 0.0, 0.0, 0.0, 0.0, 0.0, 0.0, 0.0, 0.0, 0.0, 0.0, 0.0, 0.0, 0.0, 0.0, 0.0, 0.0, 0.0, 0.0, 0.0, 0.0, 0.0, 0.0, 0.0, 0.0, 0.0, 0.0, 0.0, 0.0, 0.0, 0.0, 0.0, 0.0, 0.0, 0.0, 0.0, 0.0, 0.0, 0.0, 0.0, 0.0, 0.0, 0.0, 0.0, 0.0, 0.0, 0.0, 0.0, 0.0, 0.0, 0.0, 0.0, 0.0, 0.0, 0.0, 0.0, 0.0, 0.0, 0.0, 0.0, 0.0, 0.0, 0.0, 0.0, 0.0, 0.0, 0.0, 0.0, 0.0, 0.0, 0.0, 0.0, 0.0, 0.0, 0.0, 0.0, 0.0, 0.0, 0.0, 0.0, 0.0, 0.0, 0.0, 0.0, 0.0, 0.0, 0.0, 0.0, 0.0, 0.0, 0.0, 0.0, 0.0, 0.0, 0.0, 0.0, 0.0, 0.0, 0.0, 0.0, 0.0, 0.0, 0.0, 0.0, 0.0, 0.0, 0.0, 0.0, 0.0, 0.0, 0.0, 0.0, 0.0, 0.0, 0.0, 0.0, 0.0, 0.0, 0.0, 0.0, 0.0, 0.0, 0.0, 0.0, 0.0, 0.0, 0.0, 0.0, 0.0, 0.0, 0.0, 0.0, 0.0, 0.0, 0.0, 0.0, 0.0, 0.0, 0.0, 0.0, 0.0, 0.0, 0.0, 0.0, 0.0, 0.0, 0.0, 0.0, 0.0, 0.0, 0.0, 0.0, 0.0, 0.0, 0.0, 0.0, 0.0, 0.0, 0.0, 0.0, 0.0, 0.0, 0.0, 0.0, 0.0, 0.0, 0.0, 0.0, 0.0, 0.0, 0.0, 0.0, 0.0, 0.0, 0.0, 0.0, 0.0, 0.0, 0.0, 0.0, 0.0, 0.0, 0.0, 0.0, 0.0, 0.0, 0.0, 0.0, 0.0, 0.0, 0.0, 0.0, 0.0, 0.0, 0.0, 0.0, 0.0, 0.0, 0.0, 0.0, 0.0, 0.0, 0.0, 0.0, 0.0, 0.0, 0.0, 0.0, 0.0, 0.0, 0.0, 0.0, 0.0, 0.0, 0.0, 0.0, 0.0, 0.0, 0.0, 0.0, 0.0, 0.0, 0.0, 0.0, 0.0, 0.0, 0.0, 0.0, 0.0, 0.0, 0.0, 0.0, 0.0, 0.0, 0.0, 0.0, 0.0, 0.0, 0.0, 0.0, 0.0, 0.0, 0.0, 0.0, 0.0, 0.0, 0.0, 0.0, 0.0, 0.0, 0.0, 0.0, 0.0, 0.0, 0.0, 0.0, 0.0, 0.0, 0.0, 0.0, 0.0, 0.0, 0.0, 0.0, 0.0, 0.0, 0.0, 0.0, 0.0, 0.0, 0.0, 0.0, 0.0, 0.0, 0.0, 0.0, 0.0, 0.0, 0.0, 0.0, 0.0, 0.0, 0.0, 0.0, 0.0, 0.0, 0.0, 0.0, 0.0, 0.0, 0.0, 0.0, 0.0, 0.0, 0.0, 0.0, 0.0, 0.0, 0.0, 0.0, 0.0, 0.0, 0.0, 0.0, 0.0, 0.0, 0.0, 0.0, 0.0, 0.0, 0.0, 0.0, 0.0, 0.0, 0.0, 0.0, 0.0, 0.0, 0.0, 0.0, 0.0, 0.0, 0.0, 0.0, 0.0, 0.0, 0.0, 0.0, 0.0, 0.0, 0.0, 0.0, 0.0, 0.0, 0.0, 0.0, 0.0, 0.0, 0.0, 0.0, 0.0, 0.0, 0.0, 0.0, 0.0, 0.0, 0.0, 0.0, 0.0, 0.0, 0.0, 0.0, 0.0]
           Points  356


    2010 - OPEN      0.0  --  CLOSE      0.3

           AVG     0.074  --  AVG incr      0%

           Prices: [0.0, 0.0, 0.0, 0.0, 0.0, 0.0, 0.0, 0.0, 0.0, 0.0, 0.0, 0.0, 0.0, 0.0, 0.0, 0.0, 0.0, 0.0, 0.0, 0.0, 0.0, 0.0, 0.0, 0.0, 0.0, 0.0, 0.0, 0.0, 0.0, 0.0, 0.0, 0.0, 0.0, 0.0, 0.0, 0.0, 0.0, 0.0, 0.0, 0.0, 0.0, 0.0, 0.0, 0.0, 0.0, 0.0, 0.0, 0.0, 0.0, 0.0, 0.0, 0.0, 0.0, 0.0, 0.0, 0.0, 0.0, 0.0, 0.0, 0.0, 0.0, 0.0, 0.0, 0.0, 0.0, 0.0, 0.0, 0.0, 0.0, 0.0, 0.0, 0.0, 0.0, 0.0, 0.0, 0.0, 0.0, 0.0, 0.0, 0.0, 0.0, 0.0, 0.0, 0.0, 0.0, 0.0, 0.0, 0.0, 0.0, 0.0, 0.0, 0.0, 0.0, 0.0, 0.0, 0.0, 0.0, 0.0, 0.0, 0.0, 0.0, 0.0, 0.0, 0.0, 0.0, 0.0, 0.0, 0.0, 0.0, 0.0, 0.0, 0.0, 0.0, 0.0, 0.0, 0.0, 0.0, 0.0, 0.0, 0.0, 0.0, 0.0, 0.0, 0.0, 0.0, 0.0, 0.0, 0.0, 0.0, 0.0, 0.0, 0.0, 0.0, 0.0, 0.0, 0.0, 0.0, 0.0, 0.0, 0.0, 0.0, 0.0, 0.0, 0.0, 0.0, 0.0, 0.0, 0.0, 0.0, 0.0, 0.0, 0.0, 0.0, 0.0, 0.0, 0.0, 0.0, 0.0, 0.0, 0.0, 0.0, 0.0, 0.0, 0.0, 0.0, 0.0, 0.0, 0.0, 0.0, 0.0, 0.0, 0.0, 0.0, 0.0, 0.0, 0.0, 0.0, 0.0, 0.0, 0.0, 0.0, 0.0, 0.0, 0.0, 0.0, 0.0, 0.0, 0.0, 0.0, 0.0, 0.0, 0.0, 0.0, 0.0, 0.0, 0.0, 0.0, 0.0, 0.1, 0.1, 0.1, 0.1, 0.1, 0.1, 0.1, 0.1, 0.1, 0.1, 0.1, 0.1, 0.1, 0.1, 0.1, 0.1, 0.1, 0.1, 0.1, 0.1, 0.1, 0.1, 0.1, 0.1, 0.1, 0.1, 0.1, 0.1, 0.1, 0.1, 0.1, 0.1, 0.1, 0.1, 0.1, 0.1, 0.1, 0.1, 0.1, 0.1, 0.1, 0.1, 0.1, 0.1, 0.1, 0.1, 0.1, 0.1, 0.1, 0.1, 0.1, 0.1, 0.1, 0.1, 0.1, 0.1, 0.1, 0.1, 0.1, 0.1, 0.1, 0.1, 0.1, 0.1, 0.1, 0.1, 0.1, 0.1, 0.1, 0.1, 0.1, 0.1, 0.1, 0.1, 0.1, 0.1, 0.1, 0.1, 0.1, 0.1, 0.1, 0.1, 0.1, 0.1, 0.1, 0.1, 0.1, 0.1, 0.1, 0.1, 0.1, 0.1, 0.1, 0.1, 0.1, 0.1, 0.1, 0.1, 0.1, 0.1, 0.1, 0.2, 0.2, 0.2, 0.2, 0.2, 0.2, 0.2, 0.2, 0.2, 0.2, 0.3, 0.3, 0.3, 0.3, 0.2, 0.2, 0.2, 0.3, 0.3, 0.3, 0.3, 0.2, 0.3, 0.3, 0.3, 0.3, 0.3, 0.3, 0.3, 0.3, 0.3, 0.3, 0.3, 0.3, 0.2, 0.2, 0.2, 0.3, 0.3, 0.2, 0.2, 0.2, 0.2, 0.2, 0.2, 0.2, 0.2, 0.2, 0.2, 0.2, 0.2, 0.3, 0.3, 0.3, 0.2, 0.3, 0.3, 0.3, 0.3, 0.3, 0.3, 0.3, 0.3, 0.3, 0.3, 0.3]
           Points  365


    2011 - OPEN      0.3  --  CLOSE      4.2

           AVG     5.626  --  AVG incr   7533%

           Prices: [0.3, 0.3, 0.3, 0.3, 0.3, 0.3, 0.3, 0.3, 0.3, 0.3, 0.3, 0.3, 0.3, 0.3, 0.4, 0.4, 0.4, 0.3, 0.3, 0.3, 0.4, 0.4, 0.4, 0.4, 0.4, 0.4, 0.4, 0.4, 0.4, 0.4, 0.5, 0.5, 0.7, 0.7, 0.7, 0.8, 0.9, 0.9, 0.9, 0.9, 1.0, 1.0, 1.0, 1.1, 1.1, 1.1, 1.1, 1.1, 1.0, 0.9, 0.9, 0.8, 0.8, 0.9, 0.9, 1.0, 0.9, 0.9, 0.9, 0.9, 0.9, 0.9, 0.9, 0.9, 0.9, 0.9, 0.9, 0.9, 0.9, 0.9, 0.9, 0.9, 0.9, 0.9, 0.9, 0.9, 0.8, 0.8, 0.8, 0.8, 0.8, 0.8, 0.8, 0.9, 0.9, 0.9, 0.8, 0.8, 0.8, 0.8, 0.8, 0.8, 0.8, 0.8, 0.7, 0.7, 0.7, 0.8, 0.8, 0.7, 0.7, 0.8, 0.9, 0.9, 1.0, 1.0, 1.1, 1.1, 1.2, 1.2, 1.1, 1.2, 1.4, 1.6, 1.6, 1.6, 1.7, 1.9, 2.1, 2.7, 3.4, 3.1, 3.2, 3.4, 3.4, 3.4, 3.5, 3.6, 3.8, 3.8, 5.3, 5.4, 6.1, 7.8, 7.5, 6.9, 7.9, 7.3, 7.0, 6.9, 5.9, 6.0, 6.6, 7.1, 7.3, 8.2, 8.7, 8.6, 8.4, 8.4, 8.8, 8.8, 9.4, 10.4, 13.7, 17.6, 17.0, 18.5, 21.9, 28.4, 29.3, 24.3, 16.1, 17.4, 20.0, 19.3, 19.6, 17.9, 15.6, 16.5, 17.6, 17.5, 17.5, 17.5, 17.5, 17.5, 17.5, 16.0, 16.9, 16.9, 16.9, 16.3, 15.7, 15.5, 15.5, 14.2, 12.9, 14.8, 15.0, 14.3, 14.4, 15.0, 14.3, 14.1, 14.0, 14.0, 13.8, 13.7, 13.3, 13.3, 13.9, 13.7, 13.6, 13.7, 13.7, 13.9, 14.1, 13.9, 13.9, 13.6, 13.5, 13.5, 13.4, 13.1, 12.2, 9.9, 10.7, 10.0, 7.2, 7.8, 7.8, 9.9, 10.0, 9.5, 9.4, 10.0, 10.7, 11.2, 11.0, 10.9, 10.9, 11.5, 11.5, 11.3, 11.0, 11.0, 10.9, 9.8, 8.4, 8.6, 9.0, 8.9, 8.8, 8.3, 8.2, 8.5, 8.5, 8.2, 7.6, 6.8, 7.1, 6.7, 5.2, 4.9, 6.0, 6.1, 5.8, 5.6, 4.9, 4.8, 4.8, 5.2, 5.4, 6.1, 5.6, 5.5, 5.6, 5.4, 5.3, 4.9, 4.9, 4.8, 4.7, 5.1, 5.0, 5.0, 5.0, 4.9, 4.9, 4.7, 4.3, 4.0, 4.2, 4.1, 3.9, 4.1, 4.1, 4.0, 3.9, 3.6, 2.7, 2.5, 2.3, 2.3, 2.6, 3.1, 3.1, 2.7, 2.8, 2.8, 3.0, 3.1, 3.6, 3.3, 3.2, 3.2, 3.2, 3.2, 3.1, 3.0, 3.0, 3.0, 3.1, 3.0, 2.9, 3.0, 3.0, 3.0, 2.4, 2.3, 2.5, 2.2, 2.1, 2.2, 2.2, 2.3, 2.3, 2.3, 2.4, 2.5, 2.5, 2.5, 2.5, 2.8, 2.9, 3.1, 3.1, 2.9, 2.8, 2.9, 3.0, 3.0, 3.0, 3.0, 3.0, 3.2, 3.2, 3.2, 3.1, 3.2, 3.2, 3.2, 3.2, 3.5, 4.0, 3.9, 3.8, 3.9, 3.9, 4.2, 4.0, 4.0, 4.2, 4.2, 4.2]
           Points  365


    2012 - OPEN      4.7  --  CLOSE     13.4

           AVG     8.242  --  AVG incr     46%

           Prices: [4.7, 5.2, 5.2, 4.9, 5.4, 6.5, 6.7, 6.8, 7.1, 6.3, 6.4, 6.8, 6.8, 6.5, 6.7, 7.0, 6.7, 6.0, 5.9, 6.2, 6.5, 6.3, 6.3, 6.3, 6.3, 5.8, 5.5, 5.3, 5.6, 5.4, 5.5, 5.5, 5.8, 6.1, 6.0, 5.8, 5.7, 5.5, 5.7, 5.6, 5.7, 5.9, 5.7, 5.5, 5.3, 4.5, 4.5, 4.2, 4.4, 4.2, 4.4, 4.4, 4.3, 4.5, 5.0, 5.0, 4.8, 5.0, 5.0, 4.9, 4.8, 4.9, 4.7, 4.6, 4.8, 4.9, 5.0, 4.9, 4.9, 4.9, 4.9, 4.9, 4.9, 5.2, 5.4, 5.3, 5.3, 5.3, 5.2, 4.8, 4.8, 4.8, 4.7, 4.7, 4.7, 4.6, 4.6, 4.7, 4.8, 4.8, 4.8, 4.9, 4.8, 4.9, 4.9, 4.9, 4.9, 5.0, 4.7, 4.8, 4.8, 4.8, 4.9, 4.9, 4.9, 5.0, 4.9, 4.9, 5.0, 5.1, 5.1, 5.3, 5.3, 5.2, 5.1, 5.1, 5.1, 5.1, 5.1, 5.0, 5.0, 5.0, 5.0, 5.1, 5.1, 5.1, 5.0, 5.0, 5.0, 5.0, 5.0, 4.9, 4.9, 4.9, 4.9, 5.0, 5.0, 5.1, 5.1, 5.1, 5.1, 5.1, 5.1, 5.1, 5.1, 5.1, 5.1, 5.1, 5.1, 5.1, 5.1, 5.1, 5.2, 5.3, 5.2, 5.3, 5.2, 5.4, 5.4, 5.5, 5.6, 5.6, 5.5, 5.5, 5.7, 6.0, 5.9, 6.3, 6.4, 6.2, 6.4, 6.5, 6.6, 6.7, 6.6, 6.4, 6.3, 6.3, 6.4, 6.6, 6.6, 6.6, 6.7, 6.6, 6.7, 6.5, 6.5, 6.7, 6.7, 6.8, 6.9, 6.9, 7.1, 7.1, 7.4, 7.7, 7.6, 7.6, 8.2, 8.6, 9.0, 9.0, 8.4, 8.9, 8.5, 8.6, 8.6, 8.6, 8.8, 8.9, 9.0, 8.7, 9.0, 9.3, 9.4, 10.4, 10.9, 11.0, 10.6, 10.9, 11.0, 11.0, 11.2, 11.4, 11.5, 11.9, 11.8, 12.1, 12.9, 13.3, 12.0, 11.7, 8.4, 9.8, 10.0, 10.1, 10.1, 10.4, 10.5, 10.6, 10.9, 10.9, 10.9, 10.8, 10.2, 10.1, 10.1, 10.4, 10.3, 10.8, 11.0, 11.1, 11.0, 11.0, 11.1, 11.3, 11.3, 11.4, 11.6, 11.7, 11.9, 11.9, 12.1, 12.5, 12.4, 12.3, 12.2, 12.1, 12.1, 12.1, 12.3, 12.3, 12.3, 12.4, 12.4, 12.4, 12.7, 12.8, 12.8, 12.7, 12.4, 11.9, 11.5, 11.9, 12.1, 12.0, 12.0, 11.8, 11.8, 11.8, 11.8, 11.8, 11.9, 11.7, 11.7, 11.5, 11.7, 11.7, 11.6, 10.9, 10.3, 10.3, 10.6, 10.6, 10.8, 10.9, 10.8, 10.5, 10.5, 10.6, 10.7, 10.8, 10.9, 10.9, 10.8, 10.9, 10.8, 11.0, 10.9, 10.9, 11.2, 11.6, 11.7, 11.7, 11.7, 11.8, 11.7, 12.2, 12.3, 12.4, 12.4, 12.3, 12.1, 12.3, 12.4, 12.6, 12.5, 12.5, 12.6, 13.2, 13.3, 13.4, 13.4, 13.4, 13.3, 13.4, 13.5, 13.6, 13.7, 13.5, 13.5, 13.3, 13.2, 13.2, 13.4, 13.4, 13.5, 13.3, 13.2, 13.4, 13.3, 13.4, 13.3, 13.4, 13.4, 13.4]
           Points  366


    2013 - OPEN     13.5  --  CLOSE    757.7

           AVG   188.146  --  AVG incr   2182%

           Prices: [13.5, 13.3, 13.3, 13.3, 13.5, 13.4, 13.4, 13.5, 13.7, 13.8, 14.1, 14.1, 14.2, 14.1, 14.4, 14.2, 14.6, 15.3, 15.7, 15.9, 15.7, 16.6, 17.2, 17.4, 17.3, 17.1, 17.4, 17.7, 18.5, 19.5, 19.6, 20.6, 20.7, 19.6, 20.6, 20.4, 20.6, 21.1, 21.9, 23.0, 23.5, 23.6, 24.3, 25.2, 25.5, 26.5, 27.0, 27.2, 26.5, 27.5, 29.0, 29.6, 29.8, 30.4, 29.7, 29.8, 30.3, 31.0, 31.1, 33.6, 34.4, 34.0, 34.2, 35.7, 41.1, 44.0, 41.8, 43.6, 46.0, 46.3, 47.8, 44.2, 46.6, 47.0, 48.0, 46.8, 47.1, 49.6, 57.1, 64.8, 70.3, 70.3, 63.1, 70.3, 77.6, 77.8, 87.1, 88.3, 89.5, 97.4, 92.7, 101.9, 112.0, 130.4, 140.2, 140.8, 141.6, 157.8, 184.5, 198.5, 165.1, 112.6, 95.8, 100.5, 93.4, 86.2, 67.3, 88.9, 101.0, 120.3, 124.5, 118.3, 124.4, 137.4, 146.9, 143.3, 133.9, 128.7, 133.2, 134.8, 138.2, 117.3, 105.8, 93.8, 110.8, 115.3, 115.7, 107.6, 113.2, 112.9, 117.5, 115.3, 114.3, 117.1, 114.1, 111.0, 115.7, 121.6, 121.9, 120.4, 120.9, 121.4, 121.6, 124.7, 130.4, 130.9, 133.4, 128.8, 128.0, 129.3, 128.9, 128.2, 128.5, 121.8, 119.2, 120.8, 121.6, 119.4, 111.6, 107.6, 99.5, 105.2, 107.8, 108.7, 104.4, 100.3, 100.2, 99.8, 101.2, 106.3, 107.4, 110.7, 108.2, 106.3, 103.5, 101.4, 103.0, 102.7, 100.9, 93.1, 94.8, 95.3, 87.4, 88.0, 78.3, 78.4, 68.0, 68.0, 71.1, 77.8, 74.7, 82.2, 88.3, 92.0, 91.7, 92.4, 95.3, 93.6, 92.6, 87.3, 89.0, 87.9, 86.8, 87.3, 89.2, 90.1, 91.6, 92.3, 91.2, 95.3, 96.3, 97.7, 101.3, 99.1, 99.0, 98.8, 99.6, 99.4, 100.6, 98.0, 96.8, 95.4, 95.5, 98.0, 99.5, 101.2, 104.0, 102.3, 101.2, 104.2, 104.5, 108.1, 111.4, 113.8, 112.9, 111.2, 112.5, 113.1, 114.4, 122.1, 121.7, 120.6, 127.8, 134.3, 131.9, 132.1, 132.5, 126.7, 122.3, 120.8, 121.0, 121.1, 124.9, 126.6, 129.0, 130.6, 129.7, 127.4, 128.3, 127.9, 129.7, 129.4, 127.2, 126.3, 125.8, 126.1, 125.2, 125.9, 127.2, 127.7, 129.8, 133.0, 129.7, 129.8, 127.7, 111.3, 122.8, 126.1, 124.2, 125.5, 124.8, 127.2, 127.9, 129.3, 133.1, 132.2, 135.4, 138.3, 141.6, 146.5, 148.0, 158.3, 167.5, 171.4, 183.7, 195.5, 199.8, 185.5, 177.6, 186.4, 188.7, 195.4, 201.5, 198.7, 205.6, 203.3, 204.2, 212.0, 227.7, 260.9, 267.9, 294.8, 333.7, 338.1, 335.4, 340.0, 358.7, 406.2, 413.8, 457.0, 445.0, 504.5, 653.8, 545.1, 644.2, 694.6, 772.3, 769.0, 773.2, 853.1, 901.7, 963.8, 1049.3, 1102.5, 1095.0, 951.6, 1031.7, 1080.6, 1091.4, 992.3, 776.4, 730.1, 817.6, 897.5, 946.9, 873.0, 894.4, 881.6, 859.1, 808.1, 706.9, 623.4, 562.3, 694.1, 626.2, 624.1, 629.5, 663.4, 669.1, 702.1, 760.8, 734.6, 725.5, 742.4, 757.7]
           Points  365


    2014 - OPEN    760.9  --  CLOSE    309.8

           AVG   528.008  --  AVG incr    180%

           Prices: [760.9, 771.3, 811.5, 819.2, 864.6, 957.4, 939.3, 842.6, 843.8, 843.0, 888.0, 897.5, 857.8, 845.5, 834.3, 866.2, 845.2, 817.6, 837.4, 855.5, 874.8, 870.6, 853.6, 833.9, 805.1, 854.9, 888.0, 787.2, 825.6, 821.9, 822.3, 827.5, 846.4, 831.2, 809.6, 841.5, 815.4, 785.6, 715.8, 680.6, 687.9, 673.8, 662.4, 653.7, 614.8, 659.3, 648.4, 608.5, 625.0, 614.9, 622.3, 562.6, 568.2, 600.6, 594.5, 547.1, 529.2, 581.0, 579.0, 567.9, 565.6, 557.3, 662.3, 665.0, 655.5, 658.7, 627.4, 616.1, 637.0, 626.5, 629.1, 633.6, 639.1, 628.0, 629.4, 630.5, 622.9, 613.8, 610.0, 583.7, 578.4, 562.2, 564.3, 574.9, 563.9, 581.1, 512.9, 501.3, 497.1, 462.2, 457.6, 478.7, 449.1, 442.6, 447.9, 457.5, 460.4, 449.6, 450.8, 437.5, 386.7, 414.5, 422.0, 413.6, 465.4, 501.0, 518.8, 498.4, 481.2, 496.5, 498.8, 494.6, 489.0, 486.9, 481.4, 461.2, 457.9, 440.4, 439.3, 443.3, 446.2, 455.1, 448.1, 436.1, 434.6, 430.7, 427.6, 438.2, 438.3, 446.2, 451.4, 439.4, 438.9, 437.8, 443.3, 444.9, 446.3, 446.4, 444.9, 460.5, 478.5, 490.4, 517.7, 524.2, 535.4, 566.4, 581.6, 573.3, 571.8, 583.5, 607.5, 619.8, 637.7, 644.3, 660.7, 639.4, 654.3, 650.7, 652.7, 648.0, 649.1, 651.4, 637.2, 605.4, 593.1, 570.9, 576.4, 594.3, 602.0, 603.5, 599.8, 591.1, 591.8, 599.1, 587.6, 584.3, 566.8, 579.2, 596.0, 606.3, 596.2, 631.1, 646.5, 649.2, 638.6, 632.6, 629.7, 633.8, 623.5, 622.5, 623.5, 617.7, 628.1, 632.6, 625.9, 621.0, 621.6, 617.8, 621.5, 624.6, 627.4, 623.3, 620.2, 620.6, 612.9, 602.8, 600.2, 595.1, 592.2, 583.7, 582.8, 571.0, 578.5, 594.2, 587.6, 585.4, 587.2, 584.0, 583.2, 586.4, 590.9, 588.3, 589.5, 578.9, 555.2, 548.2, 515.4, 499.4, 510.1, 496.6, 465.6, 481.5, 504.1, 519.8, 512.2, 500.7, 508.0, 503.1, 511.0, 509.0, 509.1, 508.9, 502.6, 482.4, 478.5, 477.8, 477.0, 487.6, 483.3, 482.1, 482.9, 472.6, 470.9, 480.8, 475.5, 474.4, 478.2, 477.3, 473.9, 455.4, 454.9, 426.7, 398.6, 408.0, 402.7, 400.0, 425.2, 425.2, 410.4, 399.6, 400.9, 384.1, 376.7, 384.7, 373.1, 376.0, 362.1, 334.9, 315.1, 333.7, 331.0, 345.6, 366.3, 359.7, 366.3, 369.7, 383.3, 402.5, 392.5, 381.8, 380.7, 387.6, 388.5, 381.3, 378.3, 381.9, 362.4, 356.7, 348.4, 350.3, 352.3, 353.9, 340.2, 342.1, 336.2, 326.4, 324.4, 326.4, 328.0, 341.0, 346.9, 343.0, 344.2, 357.5, 374.8, 366.7, 413.8, 418.8, 396.8, 379.7, 386.7, 388.9, 376.6, 376.9, 361.7, 351.0, 355.3, 363.1, 378.3, 377.9, 369.6, 369.8, 375.0, 376.3, 377.6, 379.2, 381.4, 377.5, 372.2, 372.6, 375.1, 375.3, 365.7, 352.4, 348.0, 350.0, 352.1, 347.4, 351.1, 340.2, 330.7, 320.8, 312.4, 315.0, 327.0, 322.6, 330.1, 334.7, 325.2, 318.5, 326.1, 316.5, 316.7, 314.4, 309.8]
           Points  365


    2015 - OPEN    316.9  --  CLOSE    428.7

           AVG   272.503  --  AVG incr    -48%

           Prices: [316.9, 315.2, 315.0, 293.1, 271.7, 271.4, 282.9, 293.5, 287.2, 278.1, 277.1, 268.9, 268.9, 234.6, 192.1, 208.8, 208.8, 200.2, 209.1, 215.7, 211.5, 220.0, 232.4, 232.4, 246.3, 250.6, 274.0, 261.9, 240.7, 232.0, 229.0, 223.7, 223.5, 230.6, 229.1, 226.6, 218.9, 222.1, 227.2, 223.6, 220.6, 219.8, 220.3, 221.3, 236.6, 251.7, 239.6, 234.9, 241.4, 237.8, 239.7, 243.0, 244.4, 237.8, 239.1, 238.4, 237.5, 236.3, 252.6, 257.3, 253.5, 268.0, 279.9, 275.9, 273.6, 273.2, 276.0, 275.0, 286.5, 292.4, 295.1, 294.9, 287.8, 282.8, 282.1, 290.8, 287.4, 265.1, 258.2, 260.3, 260.0, 265.4, 265.9, 250.2, 246.2, 249.6, 247.5, 252.1, 243.9, 247.6, 244.7, 245.3, 251.4, 253.7, 253.0, 257.9, 255.9, 254.3, 246.8, 240.8, 236.6, 236.4, 236.4, 227.8, 220.4, 222.0, 228.3, 223.7, 223.0, 225.6, 224.4, 229.9, 235.4, 235.3, 229.5, 227.9, 218.8, 224.7, 225.7, 228.8, 235.1, 234.2, 235.4, 240.7, 238.8, 236.1, 233.3, 236.0, 243.0, 241.6, 240.8, 242.3, 241.8, 240.6, 238.5, 237.9, 236.9, 237.1, 235.1, 234.3, 234.4, 235.8, 239.6, 239.8, 240.6, 238.0, 237.6, 237.6, 237.9, 235.2, 233.9, 231.8, 224.7, 225.6, 226.1, 225.4, 225.5, 226.1, 224.4, 228.6, 230.2, 229.7, 230.4, 231.0, 234.9, 234.1, 237.0, 246.7, 250.6, 248.2, 246.2, 244.8, 244.2, 246.7, 244.9, 242.2, 243.1, 243.0, 249.0, 251.3, 254.9, 262.4, 259.0, 256.1, 258.6, 259.0, 268.7, 271.2, 266.5, 274.7, 269.4, 285.1, 292.1, 307.3, 289.2, 289.2, 288.1, 279.1, 278.1, 275.9, 273.7, 277.5, 277.7, 276.8, 280.2, 286.0, 288.3, 291.5, 292.7, 291.9, 290.8, 287.9, 285.0, 281.2, 281.4, 282.6, 284.8, 282.7, 279.4, 275.9, 267.9, 264.0, 264.3, 268.0, 266.1, 264.9, 265.8, 263.8, 258.8, 252.1, 241.7, 230.1, 234.0, 233.1, 227.4, 228.4, 215.3, 219.0, 226.3, 226.6, 230.4, 230.1, 228.8, 230.4, 229.4, 229.0, 228.2, 230.5, 234.1, 240.2, 240.4, 243.6, 240.3, 239.0, 238.3, 236.7, 231.7, 230.2, 230.4, 229.8, 233.0, 233.1, 232.1, 231.7, 229.2, 230.5, 230.9, 234.3, 235.4, 235.7, 233.6, 238.4, 237.9, 237.2, 238.9, 237.9, 239.3, 239.6, 240.0, 245.9, 244.8, 243.9, 244.8, 245.8, 249.4, 246.3, 249.5, 253.1, 255.3, 264.7, 269.6, 264.7, 264.4, 270.1, 272.4, 273.9, 277.6, 281.8, 288.6, 293.2, 294.3, 302.1, 311.7, 326.3, 334.2, 321.0, 347.7, 392.0, 438.8, 393.4, 372.5, 384.4, 379.4, 378.4, 346.1, 314.1, 330.9, 334.9, 333.9, 325.1, 327.8, 335.4, 335.0, 329.2, 321.8, 326.1, 324.0, 323.2, 321.3, 335.8, 347.1, 357.4, 356.8, 366.6, 374.0, 364.6, 358.3, 362.2, 362.1, 388.2, 392.9, 394.6, 404.6, 416.9, 423.3, 444.9, 431.9, 436.2, 442.7, 461.2, 455.2, 454.8, 462.0, 461.9, 447.4, 437.1, 437.1, 442.7, 454.5, 446.8, 422.7, 420.7, 422.2, 429.3, 428.7]
           Points  365


    2016 - OPEN    428.9  --  CLOSE    959.2

           AVG   566.662  --  AVG incr    107%

           Prices: [428.9, 433.4, 433.4, 428.8, 435.9, 432.6, 430.5, 454.3, 453.7, 447.5, 447.3, 448.1, 442.4, 430.2, 416.8, 380.9, 381.9, 384.0, 385.0, 384.5, 409.9, 406.9, 386.5, 391.0, 400.4, 393.5, 394.0, 392.7, 381.3, 378.4, 378.5, 374.9, 373.1, 374.5, 373.6, 386.5, 385.0, 377.2, 376.5, 374.3, 376.0, 381.0, 379.2, 385.6, 394.5, 404.9, 403.6, 409.4, 418.7, 421.6, 423.7, 437.9, 439.6, 436.4, 423.4, 424.8, 424.8, 429.8, 432.8, 435.1, 437.5, 434.6, 427.2, 420.8, 412.4, 402.6, 407.7, 413.3, 413.3, 414.0, 417.7, 419.3, 413.3, 414.1, 415.7, 416.8, 417.9, 418.2, 409.9, 409.3, 411.9, 412.9, 417.6, 418.0, 416.7, 417.5, 418.8, 425.0, 422.3, 416.1, 414.1, 416.2, 417.6, 419.7, 419.6, 420.1, 422.4, 422.1, 421.8, 419.3, 418.7, 421.1, 423.2, 425.6, 424.3, 425.6, 430.1, 430.9, 428.6, 429.1, 435.1, 441.9, 448.4, 447.4, 451.3, 459.4, 462.3, 465.6, 449.5, 448.4, 454.0, 449.9, 450.8, 445.1, 449.2, 447.4, 449.2, 457.0, 459.5, 459.1, 460.5, 453.3, 452.8, 454.2, 456.0, 456.4, 458.5, 454.8, 454.5, 454.0, 442.9, 443.0, 443.5, 440.9, 444.2, 447.5, 450.5, 458.8, 480.7, 519.5, 533.4, 536.1, 532.9, 536.4, 541.8, 568.9, 574.1, 577.4, 584.1, 578.5, 580.9, 577.4, 580.7, 609.2, 666.1, 696.0, 685.8, 703.3, 757.0, 749.4, 758.2, 760.7, 726.2, 664.8, 615.0, 623.8, 663.7, 659.9, 633.4, 649.8, 645.0, 642.0, 670.4, 679.0, 693.2, 665.8, 675.9, 670.7, 668.4, 639.5, 656.0, 648.4, 648.5, 650.8, 663.7, 658.0, 660.7, 664.2, 665.8, 678.0, 673.8, 671.6, 666.0, 663.4, 654.0, 654.8, 659.2, 654.3, 652.1, 654.9, 655.8, 656.8, 650.6, 627.2, 608.9, 561.3, 563.1, 573.7, 573.6, 585.3, 591.1, 589.5, 586.7, 593.1, 589.2, 586.7, 583.8, 571.4, 568.6, 575.2, 572.9, 573.7, 575.1, 580.4, 581.4, 584.5, 582.0, 578.5, 576.1, 576.8, 570.1, 573.1, 574.4, 576.1, 573.3, 572.8, 575.6, 594.7, 608.0, 607.2, 610.4, 615.4, 623.8, 622.1, 622.3, 609.7, 607.1, 609.3, 609.1, 607.0, 607.2, 606.6, 609.5, 608.9, 602.7, 596.4, 596.3, 600.9, 601.0, 601.0, 606.0, 605.0, 604.3, 605.3, 608.2, 613.1, 610.3, 611.8, 610.3, 611.7, 612.3, 616.5, 617.5, 615.9, 621.1, 638.6, 637.2, 637.0, 639.5, 639.4, 641.1, 638.6, 635.9, 629.9, 630.1, 634.8, 654.0, 654.3, 653.6, 658.2, 676.9, 686.5, 693.5, 712.7, 703.1, 706.5, 729.0, 734.4, 699.5, 700.9, 706.0, 709.4, 706.3, 713.5, 723.2, 716.1, 715.6, 704.1, 702.7, 707.9, 718.4, 744.3, 745.9, 751.7, 751.6, 732.2, 738.5, 746.4, 741.4, 736.8, 737.1, 732.9, 731.0, 732.7, 734.0, 743.7, 756.8, 770.0, 765.8, 764.5, 754.0, 759.4, 765.8, 768.6, 771.7, 771.8, 770.1, 777.8, 778.0, 777.2, 777.6, 782.8, 788.1, 789.1, 790.8, 799.8, 832.9, 867.8, 908.2, 892.5, 892.0, 906.1, 935.0, 971.3, 966.6, 959.2]
           Points  366


    2017 - OPEN    967.6  --  CLOSE  12618.5

           AVG  3940.393  --  AVG incr    595%

           Prices: [967.6, 998.5, 1018.9, 1042.1, 1069.5, 992.5, 898.9, 899.4, 905.8, 897.4, 905.3, 797.6, 801.1, 821.3, 822.6, 819.0, 829.9, 896.5, 881.8, 898.7, 895.0, 921.5, 923.1, 914.3, 895.8, 894.6, 912.3, 917.5, 919.4, 913.8, 919.7, 957.0, 979.4, 1007.7, 1015.9, 1029.7, 1014.3, 1027.6, 1052.0, 1053.2, 979.2, 988.4, 1006.0, 999.5, 996.4, 1007.1, 1005.6, 1035.4, 1053.8, 1057.4, 1050.2, 1075.8, 1119.5, 1124.2, 1166.6, 1180.2, 1155.4, 1171.8, 1189.8, 1190.8, 1220.7, 1254.3, 1283.2, 1266.3, 1269.8, 1277.2, 1241.3, 1162.5, 1189.3, 1168.5, 1174.2, 1218.8, 1235.7, 1243.2, 1253.6, 1188.5, 1097.9, 992.7, 1022.5, 1040.5, 1106.7, 1039.0, 1035.4, 957.6, 952.7, 969.1, 1026.3, 1040.3, 1037.6, 1036.3, 1071.5, 1085.7, 1096.5, 1143.3, 1141.4, 1132.1, 1182.2, 1191.9, 1184.1, 1205.3, 1210.7, 1221.1, 1217.9, 1180.0, 1184.0, 1184.8, 1189.6, 1202.6, 1225.1, 1220.9, 1247.0, 1253.9, 1257.0, 1257.1, 1257.8, 1276.0, 1300.7, 1332.6, 1331.9, 1345.2, 1354.2, 1419.6, 1458.5, 1502.5, 1544.1, 1525.6, 1557.5, 1561.4, 1642.6, 1726.9, 1762.7, 1819.4, 1692.2, 1760.0, 1777.3, 1715.8, 1739.9, 1813.4, 1887.5, 1956.6, 2039.1, 2040.2, 2144.5, 2268.6, 2446.2, 2371.9, 2190.3, 2059.5, 2159.8, 2269.9, 2199.5, 2308.1, 2410.2, 2475.8, 2535.4, 2531.7, 2686.7, 2873.9, 2712.8, 2795.4, 2822.6, 2897.4, 2975.1, 2599.1, 2720.3, 2486.7, 2390.1, 2496.7, 2642.5, 2535.8, 2606.4, 2749.8, 2670.5, 2714.3, 2718.2, 2573.9, 2533.7, 2412.9, 2516.8, 2553.2, 2546.5, 2483.5, 2419.1, 2498.3, 2554.4, 2592.3, 2615.6, 2597.3, 2502.9, 2555.8, 2519.9, 2355.8, 2307.8, 2387.2, 2335.1, 2207.4, 2018.6, 1910.7, 2186.4, 2324.2, 2266.1, 2757.2, 2656.2, 2823.8, 2757.3, 2755.6, 2537.3, 2513.2, 2686.5, 2786.1, 2722.5, 2744.3, 2839.2, 2739.6, 2709.0, 2797.9, 2863.0, 3278.1, 3247.6, 3394.4, 3418.6, 3353.6, 3426.6, 3633.9, 3892.3, 4073.7, 4292.2, 4140.9, 4375.2, 4283.6, 4103.8, 4145.4, 4101.3, 4016.6, 4106.3, 4163.0, 4310.3, 4374.7, 4354.8, 4358.3, 4392.1, 4602.8, 4591.8, 4744.7, 4912.8, 4591.8, 4594.1, 4253.9, 4414.4, 4598.6, 4623.0, 4303.0, 4283.5, 4234.4, 4201.1, 4145.5, 3836.9, 3299.2, 3689.0, 3689.4, 3702.6, 4061.7, 3907.0, 3899.4, 3619.5, 3599.3, 3771.9, 3664.9, 3924.2, 3892.9, 4193.8, 4178.4, 4164.5, 4348.1, 4372.3, 4394.0, 4306.6, 4214.6, 4321.9, 4358.8, 4412.2, 4592.3, 4774.5, 4794.9, 4906.8, 5459.5, 5627.2, 5765.9, 5647.5, 5743.4, 5594.5, 5495.7, 5683.7, 5989.8, 6020.3, 5937.6, 5879.9, 5577.9, 5694.3, 5885.4, 5764.9, 5735.7, 6111.2, 6120.8, 6404.9, 6709.5, 6978.5, 7201.5, 7379.5, 7424.2, 7007.9, 7080.1, 7365.2, 7164.9, 6545.9, 6295.7, 5953.8, 6475.1, 6607.4, 7264.5, 7819.4, 7706.6, 7762.0, 8040.1, 8233.5, 8120.1, 8219.5, 8051.3, 8216.6, 8730.6, 9305.8, 9642.6, 9907.6, 9772.3, 9858.8, 10772.1, 10908.9, 11373.1, 11491.1, 11716.7, 13442.2, 16219.1, 15653.6, 14486.6, 15230.4, 16803.6, 17284.6, 16317.0, 16525.6, 17575.1, 19193.7, 18987.3, 18936.2, 17534.6, 16496.8, 15695.8, 14048.6, 14436.8, 13969.4, 13927.9, 15661.2, 15417.1, 14438.0, 14437.3, 12618.5]
           Points  365


    2018 - OPEN  13805.3  --  CLOSE   6734.8

           AVG  8600.454  --  AVG incr    118%

           Prices: [13805.3, 13458.8, 14756.0, 15139.6, 15134.6, 16880.5, 17095.2, 16083.1, 14951.0, 14407.2, 14882.0, 13138.4, 13874.0, 14191.1, 13623.6, 13571.2, 11504.6, 11033.6, 11274.3, 11561.6, 12739.9, 11553.8, 10797.5, 10854.9, 11382.1, 11141.3, 11122.1, 11417.6, 11677.5, 11157.6, 9976.4, 10162.8, 9002.8, 8822.1, 9184.4, 8242.0, 7003.1, 7744.3, 7655.3, 8218.6, 8751.0, 8508.4, 8094.5, 8897.5, 8528.9, 9443.9, 10033.8, 10146.8, 11083.0, 10413.2, 11168.0, 11166.9, 10405.7, 9751.9, 10154.7, 9647.4, 9589.7, 10319.8, 10570.9, 10285.3, 10913.0, 11038.1, 11423.6, 11464.6, 11393.0, 10723.0, 9911.0, 9323.7, 9277.5, 8764.2, 9546.4, 9104.6, 9168.1, 8218.9, 8285.1, 8273.1, 7859.0, 8256.4, 8572.5, 8913.9, 8896.4, 8705.4, 8915.9, 8527.3, 8457.5, 8156.5, 7795.2, 7938.1, 7089.2, 6855.6, 6946.3, 6804.1, 7058.1, 7414.5, 6787.0, 6778.3, 6618.3, 6898.6, 7025.9, 6775.4, 6831.6, 6942.3, 7936.6, 7873.4, 8021.4, 8354.7, 8050.1, 7892.2, 8160.9, 8281.3, 8862.0, 8908.7, 8791.7, 8935.7, 9644.6, 8836.1, 9271.7, 8937.6, 9347.3, 9397.8, 9232.8, 9072.3, 9220.9, 9669.6, 9691.5, 9822.5, 9622.5, 9365.6, 9175.8, 9309.6, 8989.4, 8423.8, 8480.4, 8680.2, 8686.0, 8472.7, 8346.5, 8057.0, 8245.4, 8234.0, 8522.5, 8397.1, 7991.3, 7515.7, 7577.5, 7458.5, 7328.8, 7343.2, 7110.4, 7460.3, 7373.1, 7490.1, 7518.4, 7636.5, 7711.4, 7493.3, 7618.6, 7659.8, 7685.5, 7627.4, 7480.6, 6757.6, 6873.4, 6550.7, 6306.6, 6639.6, 6401.4, 6488.2, 6447.4, 6711.2, 6739.0, 6757.2, 6718.9, 6060.1, 6175.7, 6149.4, 6249.1, 6067.8, 6133.3, 5859.2, 6204.7, 6393.1, 6345.9, 6613.3, 6506.5, 6584.5, 6533.1, 6603.0, 6760.2, 6702.2, 6659.3, 6302.0, 6380.6, 6240.6, 6219.0, 6248.9, 6350.3, 6725.3, 7316.3, 7376.3, 7462.4, 7326.5, 7396.2, 7394.6, 7719.9, 8405.5, 8173.7, 7930.9, 8188.5, 8231.4, 8201.3, 8165.5, 7727.4, 7603.7, 7527.9, 7409.3, 7009.1, 7029.6, 6944.3, 6711.1, 6285.0, 6538.5, 6144.3, 6233.8, 6317.6, 6252.8, 6198.1, 6271.2, 6313.9, 6582.8, 6396.0, 6487.4, 6257.5, 6477.1, 6356.1, 6527.1, 6691.8, 6734.8]
           Points  238


--------------------------------------------------


PERIOD: [ 2009-01-10  -->  2018-08-26 ]

DAYS:       3516

Global avg: 1154.3

              2009            2010            2011            2012            2013            2014            2015            2016            2017            2018
               0.0            0.07            5.63            8.24          188.15          528.01           272.5          566.66         3940.39         8600.45
                0%              0%           7533%             46%           2182%            180%            -48%            107%            595%            118%



2014      528      180%
2015      272      -48%
2016      566      107%
2017    3.940      595%
2018    8.600      118%   -->  13.8% bimestral
-----------------------
                   190%   crecim anual prom.
