** BTC price information **


Average by Year:

    2009 - OPEN      0.0  --  CLOSE      0.0

           Annual-AVG       0.0  --  Increase      0%

           Prices: [0.0, 0.0, 0.0, 0.0, 0.0, 0.0, 0.0, 0.0, 0.0, 0.0, 0.0, 0.0, 0.0, 0.0, 0.0, 0.0, 0.0, 0.0, 0.0, 0.0, 0.0, 0.0, 0.0, 0.0, 0.0, 0.0, 0.0, 0.0, 0.0, 0.0, 0.0, 0.0, 0.0, 0.0, 0.0, 0.0, 0.0, 0.0, 0.0, 0.0, 0.0, 0.0, 0.0, 0.0, 0.0, 0.0, 0.0, 0.0, 0.0, 0.0, 0.0, 0.0, 0.0, 0.0, 0.0, 0.0, 0.0, 0.0, 0.0, 0.0, 0.0, 0.0, 0.0, 0.0, 0.0, 0.0, 0.0, 0.0, 0.0, 0.0, 0.0, 0.0, 0.0, 0.0, 0.0, 0.0, 0.0, 0.0, 0.0, 0.0, 0.0, 0.0, 0.0, 0.0, 0.0, 0.0, 0.0, 0.0, 0.0, 0.0, 0.0, 0.0, 0.0, 0.0, 0.0, 0.0, 0.0, 0.0, 0.0, 0.0, 0.0, 0.0, 0.0, 0.0, 0.0, 0.0, 0.0, 0.0, 0.0, 0.0, 0.0, 0.0, 0.0, 0.0, 0.0, 0.0, 0.0, 0.0, 0.0, 0.0]
           Points  120


    2010 - OPEN      0.0  --  CLOSE      0.3

           Annual-AVG     0.067  --  Increase      0%

           Prices: [0.0, 0.0, 0.0, 0.0, 0.0, 0.0, 0.0, 0.0, 0.0, 0.0, 0.0, 0.0, 0.0, 0.0, 0.0, 0.0, 0.0, 0.0, 0.0, 0.0, 0.0, 0.0, 0.0, 0.0, 0.0, 0.0, 0.0, 0.0, 0.0, 0.0, 0.0, 0.0, 0.0, 0.0, 0.0, 0.0, 0.0, 0.0, 0.0, 0.0, 0.0, 0.0, 0.0, 0.0, 0.0, 0.0, 0.0, 0.0, 0.0, 0.0, 0.0, 0.0, 0.0, 0.0, 0.0, 0.0, 0.0, 0.0, 0.0, 0.0, 0.0, 0.0, 0.0, 0.0, 0.0, 0.0, 0.0, 0.0, 0.0, 0.0, 0.0, 0.0, 0.0, 0.0, 0.0, 0.0, 0.1, 0.1, 0.1, 0.1, 0.1, 0.1, 0.1, 0.1, 0.1, 0.1, 0.1, 0.1, 0.1, 0.1, 0.1, 0.1, 0.1, 0.1, 0.1, 0.1, 0.1, 0.1, 0.1, 0.1, 0.2, 0.2, 0.3, 0.3, 0.3, 0.3, 0.3, 0.3, 0.3, 0.3, 0.3, 0.3, 0.3, 0.2, 0.2, 0.2, 0.2, 0.2, 0.3, 0.2, 0.3, 0.3]
           Points  122


    2011 - OPEN      0.3  --  CLOSE      5.0

           Annual-AVG     6.105  --  Increase   8982%

           Prices: [0.3, 0.3, 0.3, 0.3, 0.5, 0.4, 0.4, 0.4, 0.4, 0.4, 0.9, 0.9, 0.9, 1.1, 1.1, 1.1, 1.0, 0.9, 1.0, 0.9, 0.9, 0.9, 0.9, 0.9, 0.9, 0.9, 0.8, 0.9, 0.9, 0.8, 0.8, 0.7, 0.8, 0.8, 0.9, 1.1, 1.2, 1.5, 1.7, 2.7, 3.5, 3.5, 3.9, 6.1, 8.9, 8.4, 7.1, 7.5, 9.3, 8.5, 9.4, 17.4, 19.1, 35.0, 24.5, 20.0, 18.9, 15.1, 17.6, 17.5, 17.0, 15.8, 16.2, 15.7, 14.2, 14.1, 14.7, 13.9, 14.7, 14.0, 14.9, 13.1, 11.0, 12.1, 9.9, 11.9, 11.7, 11.6, 11.4, 9.1, 9.2, 8.5, 8.5, 7.3, 7.4, 6.0, 5.0, 6.8, 5.7, 5.5, 4.8, 5.2, 5.0, 4.6, 4.1, 4.1, 3.8, 2.4, 3.4, 2.9, 3.8, 3.4, 3.2, 3.0, 3.0, 3.1, 2.6, 2.3, 2.4, 2.6, 2.5, 3.1, 3.0, 3.1, 3.0, 3.3, 3.2, 3.7, 4.0, 4.4, 4.2, 5.0]
           Points  122


    2012 - OPEN      5.3  --  CLOSE     13.6

           Annual-AVG      8.51  --  Increase     39%

           Prices: [5.3, 7.2, 7.2, 7.0, 7.0, 7.0, 6.5, 6.5, 5.7, 5.6, 6.2, 6.0, 5.8, 6.0, 5.6, 4.8, 4.5, 4.9, 5.0, 4.9, 4.8, 5.0, 4.9, 5.0, 5.5, 5.4, 4.9, 4.7, 4.7, 4.8, 5.1, 4.9, 4.8, 4.9, 5.0, 5.0, 5.2, 5.2, 5.2, 5.0, 5.2, 5.1, 5.1, 5.0, 5.0, 5.1, 5.2, 5.2, 5.1, 5.2, 5.3, 5.3, 5.5, 5.6, 6.0, 6.6, 6.5, 6.8, 6.4, 6.7, 6.7, 6.5, 6.8, 7.2, 7.9, 8.3, 9.3, 9.0, 8.8, 8.9, 9.4, 11.1, 11.3, 12.0, 11.8, 12.7, 15.3, 10.3, 10.2, 12.1, 10.9, 10.2, 10.6, 11.2, 11.2, 11.8, 12.0, 12.7, 12.3, 12.3, 12.5, 12.9, 13.0, 12.1, 12.2, 12.0, 12.0, 11.8, 12.0, 11.1, 10.9, 11.3, 10.7, 11.2, 11.0, 11.1, 11.8, 11.8, 12.3, 12.6, 12.4, 12.7, 13.0, 13.7, 13.6, 13.8, 13.7, 13.4, 13.6, 13.4, 13.6, 13.6]
           Points  122


    2013 - OPEN     13.5  --  CLOSE    714.8

           Annual-AVG   188.758  --  Increase   2118%

           Prices: [13.5, 13.5, 13.9, 14.3, 14.5, 16.0, 17.0, 19.2, 18.0, 19.7, 21.1, 20.8, 22.1, 24.2, 26.5, 25.6, 29.8, 29.3, 31.2, 34.9, 36.4, 42.5, 46.5, 46.8, 47.1, 57.8, 71.5, 73.9, 93.6, 92.5, 138.8, 142.5, 238.0, 76.5, 91.0, 96.5, 125.0, 153.2, 128.0, 139.1, 93.2, 120.9, 109.6, 114.3, 115.0, 123.7, 122.5, 131.5, 132.6, 131.0, 120.6, 122.4, 107.8, 108.0, 100.0, 100.5, 112.0, 107.7, 104.4, 95.9, 89.5, 67.9, 77.6, 87.2, 94.8, 98.0, 91.9, 95.4, 96.4, 101.0, 104.2, 104.7, 105.6, 102.6, 107.3, 98.5, 102.1, 111.0, 112.9, 119.2, 132.8, 130.4, 122.4, 121.7, 128.4, 125.5, 127.2, 123.5, 122.6, 125.6, 125.8, 117.0, 121.6, 126.1, 127.5, 139.2, 150.6, 177.1, 195.8, 189.1, 203.4, 204.2, 246.6, 325.6, 339.4, 416.5, 463.0, 595.0, 838.0, 844.9, 1083.9, 992.3, 1028.3, 723.0, 886.2, 864.7, 702.0, 660.0, 639.9, 734.4, 714.8]
           Points  121


    2014 - OPEN    746.9  --  CLOSE    313.1

           Annual-AVG   525.897  --  Increase    178%

           Prices: [746.9, 822.4, 867.4, 827.5, 807.8, 830.9, 833.0, 813.0, 806.0, 800.2, 802.5, 813.8, 778.0, 710.0, 667.0, 651.4, 626.8, 566.2, 545.0, 585.2, 559.9, 664.9, 609.0, 622.9, 636.5, 624.7, 590.0, 567.1, 585.7, 499.9, 479.5, 446.0, 447.7, 401.0, 405.0, 511.5, 499.9, 493.3, 459.1, 447.0, 460.0, 436.2, 446.6, 452.4, 438.9, 449.5, 446.4, 523.8, 575.0, 574.3, 620.5, 673.9, 655.8, 650.9, 617.0, 560.5, 604.6, 591.0, 585.5, 589.0, 620.0, 644.0, 634.5, 624.8, 632.0, 623.2, 629.9, 619.1, 601.2, 592.5, 573.5, 591.6, 580.2, 589.3, 579.0, 521.7, 491.9, 507.3, 503.9, 512.8, 512.0, 482.6, 486.0, 480.6, 485.0, 479.9, 468.0, 398.9, 401.0, 408.1, 380.0, 385.3, 336.0, 330.7, 359.0, 381.5, 378.0, 389.0, 385.1, 348.9, 354.9, 340.9, 325.8, 348.0, 356.3, 430.1, 373.1, 379.9, 356.9, 384.0, 372.6, 376.0, 378.2, 374.1, 350.3, 355.1, 352.1, 317.7, 326.9, 327.6, 314.4, 313.1]
           Points  122


    2015 - OPEN    316.1  --  CLOSE    429.3

           Annual-AVG   272.251  --  Increase    -48%

           Prices: [316.1, 276.8, 276.8, 272.2, 176.5, 197.1, 213.0, 233.0, 271.5, 233.2, 220.7, 222.6, 225.2, 220.2, 239.9, 235.9, 241.6, 236.0, 238.6, 253.0, 275.8, 272.1, 287.5, 297.4, 283.6, 265.9, 257.8, 247.8, 248.6, 245.2, 252.4, 257.0, 245.9, 236.7, 216.0, 222.7, 224.6, 235.5, 218.4, 225.7, 234.1, 234.7, 244.7, 244.2, 238.3, 235.8, 234.6, 238.8, 235.9, 235.9, 222.4, 225.5, 222.6, 228.0, 230.2, 245.3, 246.4, 246.3, 241.9, 248.8, 257.9, 257.9, 267.3, 287.0, 289.9, 275.8, 276.1, 277.5, 287.1, 295.2, 284.8, 284.4, 277.1, 265.4, 267.9, 265.4, 253.9, 233.6, 213.2, 228.3, 226.5, 230.7, 234.7, 243.1, 239.9, 230.9, 234.0, 230.2, 229.9, 233.8, 237.7, 237.8, 239.2, 243.9, 248.1, 254.6, 269.1, 269.8, 277.4, 284.9, 310.4, 311.5, 437.1, 387.4, 353.6, 332.2, 329.3, 329.0, 322.3, 325.0, 353.9, 359.3, 360.9, 395.6, 415.6, 438.8, 454.4, 461.2, 436.0, 455.0, 424.0, 429.3]
           Points  122


    2016 - OPEN    428.1  --  CLOSE    959.9

           Annual-AVG    569.35  --  Increase    109%

           Prices: [428.1, 430.8, 450.1, 446.7, 391.6, 385.3, 408.0, 404.8, 394.4, 378.2, 373.5, 386.5, 375.8, 376.8, 402.4, 418.0, 439.5, 417.0, 424.3, 436.2, 421.4, 408.9, 413.1, 410.0, 414.8, 408.9, 410.5, 416.5, 426.8, 412.4, 418.1, 421.8, 422.2, 420.7, 423.8, 425.7, 442.3, 451.3, 468.0, 456.2, 443.9, 448.5, 457.8, 452.5, 455.6, 452.9, 441.2, 442.2, 452.5, 512.2, 539.5, 573.7, 577.5, 577.5, 702.1, 762.4, 760.8, 587.5, 664.9, 646.4, 675.2, 676.3, 636.4, 648.1, 657.5, 662.2, 672.8, 651.6, 654.7, 655.3, 628.0, 565.1, 588.2, 588.8, 587.8, 570.1, 576.0, 582.8, 582.8, 571.5, 578.6, 576.2, 608.1, 627.8, 608.2, 612.1, 608.0, 609.7, 604.2, 608.1, 606.4, 610.5, 612.4, 618.0, 639.3, 639.6, 638.2, 630.2, 653.0, 672.2, 714.9, 728.2, 703.7, 703.8, 713.7, 701.9, 736.9, 750.0, 748.7, 739.8, 733.1, 752.2, 764.8, 766.1, 773.4, 778.5, 781.6, 789.5, 860.6, 886.9, 967.5, 959.9]
           Points  122


    2017 - OPEN   1023.1  --  CLOSE  14640.1

           Annual-AVG  3995.643  --  Increase    601%

           Prices: [1023.1, 883.1, 894.2, 803.4, 822.2, 875.0, 920.4, 890.3, 919.3, 921.2, 1007.6, 1014.8, 1052.4, 1008.8, 1011.8, 1055.5, 1084.8, 1172.0, 1175.0, 1222.5, 1267.0, 1238.4, 1098.6, 1239.8, 1180.9, 1029.8, 1028.7, 959.3, 1046.1, 1079.5, 1141.8, 1196.3, 1208.8, 1218.9, 1184.9, 1216.2, 1258.4, 1262.9, 1345.4, 1353.0, 1507.6, 1560.4, 1721.3, 1720.5, 1723.1, 1899.1, 2046.5, 2379.2, 2014.1, 2239.2, 2446.1, 2698.3, 2793.0, 2961.8, 2447.0, 2665.9, 2755.0, 2710.4, 2436.5, 2544.4, 2501.2, 2619.2, 2562.1, 2369.9, 2190.9, 2176.6, 2898.2, 2725.5, 2495.0, 2722.5, 2710.4, 2873.9, 3407.2, 3424.4, 4125.5, 4360.9, 4222.7, 4082.2, 4363.1, 4391.7, 4748.3, 4648.2, 4641.8, 4375.6, 4219.0, 3774.3, 4093.3, 3658.9, 3703.0, 4202.6, 4335.4, 4293.3, 4345.6, 4778.0, 5325.1, 5647.3, 5546.2, 6020.4, 5505.8, 5772.5, 6105.9, 7068.0, 7377.0, 7415.9, 6362.9, 6635.4, 7786.9, 8255.6, 8148.9, 9284.1, 9879.3, 11071.4, 11878.4, 16007.4, 16762.1, 16678.9, 19289.8, 16026.3, 15360.3, 15999.0, 14640.1]
           Points  121


    2018 - OPEN  13812.2  --  CLOSE   3832.9

           Annual-AVG  7569.832  --  Increase     89%

           Prices: [13812.2, 15199.4, 16651.5, 15126.4, 14499.8, 11181.0, 11422.4, 10544.6, 11214.4, 11765.7, 10125.0, 9076.7, 7685.6, 8535.5, 8811.3, 9977.2, 10503.3, 10532.8, 9698.0, 10763.9, 11055.8, 11595.5, 9429.1, 9761.4, 8151.5, 7993.7, 8986.9, 8686.8, 8197.5, 7172.3, 6794.1, 6787.8, 6927.7, 6787.6, 7895.4, 8043.8, 8254.6, 8838.5, 8995.5, 9326.2, 9075.1, 9710.7, 9345.7, 9101.5, 8727.7, 8340.7, 8223.3, 8015.6, 7445.2, 7130.5, 7491.4, 7699.9, 7655.6, 7564.4, 6535.1, 6434.1, 6713.5, 6733.9, 6037.0, 6105.3, 6381.4, 6613.7, 6569.5, 6723.9, 6233.6, 6316.9, 7398.7, 7352.5, 8112.9, 8025.3, 8143.1, 7593.1, 6998.7, 6450.4, 6195.7, 6050.9, 6476.9, 6434.6, 6434.9, 6673.3, 7054.3, 7100.9, 7326.9, 6444.8, 6297.9, 6450.2, 6480.6, 6335.8, 6709.3, 6412.5, 6677.3, 6591.0, 6563.6, 6558.5, 6563.0, 6260.6, 6596.6, 6487.4, 6498.5, 6478.1, 6448.2, 6310.3, 6363.8, 6445.4, 6411.3, 6401.9, 5615.2, 5606.0, 4533.7, 4293.8, 3751.7, 4106.9, 3967.5, 3742.9, 3528.8, 3462.0, 3225.3, 3567.5, 4015.6, 4178.6, 3747.8, 3832.9]
           Points  122


    2019 - OPEN   3867.1  --  CLOSE  10471.5

           Annual-AVG  6952.849  --  Increase     -8%

           Prices: [3867.1, 3868.5, 4035.9, 3656.7, 3604.1, 3620.0, 3620.1, 3579.9, 3589.3, 3417.2, 3454.2, 3452.3, 3404.0, 3645.3, 3623.1, 3630.4, 3933.1, 3968.7, 3829.6, 3843.6, 3827.7, 3863.3, 3919.6, 3880.8, 3918.1, 3998.5, 4026.6, 3995.3, 4011.4, 4107.3, 4675.1, 4980.9, 5214.3, 5111.8, 5077.8, 5214.6, 5303.0, 5527.8, 5280.6, 5277.9, 5365.0, 5718.2, 5851.7, 6833.4, 8005.3, 7266.0, 7926.7, 7688.5, 8114.9, 8646.2, 8543.0, 7848.4, 7920.9, 7815.1, 8163.7, 9096.3, 9147.0, 10730.4, 11314.8, 11665.6, 10690.8, 11779.5, 11310.5, 12668.6, 11412.1, 10300.4, 10455.7, 10449.6, 10021.3, 9500.3, 9873.8, 10790.6, 11759.0, 11816.9, 11397.8, 9988.9, 10295.1, 10169.1, 10158.5, 10176.8, 9539.3, 9937.6, 10559.0, 10471.5]
           Points   84


Biannual Averages by Year:

    2009 - OPEN      0.0  --  CLOSE      0.3

           BiAnnual-AVG     0.034  --  Increase      0%

           Prices: [0.0, 0.0, 0.0, 0.0, 0.0, 0.0, 0.0, 0.0, 0.0, 0.0, 0.0, 0.0, 0.0, 0.0, 0.0, 0.0, 0.0, 0.0, 0.0, 0.0, 0.0, 0.0, 0.0, 0.0, 0.0, 0.0, 0.0, 0.0, 0.0, 0.0, 0.0, 0.0, 0.0, 0.0, 0.0, 0.0, 0.0, 0.0, 0.0, 0.0, 0.0, 0.0, 0.0, 0.0, 0.0, 0.0, 0.0, 0.0, 0.0, 0.0, 0.0, 0.0, 0.0, 0.0, 0.0, 0.0, 0.0, 0.0, 0.0, 0.0, 0.0, 0.0, 0.0, 0.0, 0.0, 0.0, 0.0, 0.0, 0.0, 0.0, 0.0, 0.0, 0.0, 0.0, 0.0, 0.0, 0.0, 0.0, 0.0, 0.0, 0.0, 0.0, 0.0, 0.0, 0.0, 0.0, 0.0, 0.0, 0.0, 0.0, 0.0, 0.0, 0.0, 0.0, 0.0, 0.0, 0.0, 0.0, 0.0, 0.0, 0.0, 0.0, 0.0, 0.0, 0.0, 0.0, 0.0, 0.0, 0.0, 0.0, 0.0, 0.0, 0.0, 0.0, 0.0, 0.0, 0.0, 0.0, 0.0, 0.0, 0.0, 0.0, 0.0, 0.0, 0.0, 0.0, 0.0, 0.0, 0.0, 0.0, 0.0, 0.0, 0.0, 0.0, 0.0, 0.0, 0.0, 0.0, 0.0, 0.0, 0.0, 0.0, 0.0, 0.0, 0.0, 0.0, 0.0, 0.0, 0.0, 0.0, 0.0, 0.0, 0.0, 0.0, 0.0, 0.0, 0.0, 0.0, 0.0, 0.0, 0.0, 0.0, 0.0, 0.0, 0.0, 0.0, 0.0, 0.0, 0.0, 0.0, 0.0, 0.0, 0.0, 0.0, 0.0, 0.0, 0.0, 0.0, 0.0, 0.0, 0.0, 0.0, 0.0, 0.0, 0.0, 0.0, 0.0, 0.0, 0.0, 0.0, 0.0, 0.0, 0.0, 0.0, 0.0, 0.0, 0.1, 0.1, 0.1, 0.1, 0.1, 0.1, 0.1, 0.1, 0.1, 0.1, 0.1, 0.1, 0.1, 0.1, 0.1, 0.1, 0.1, 0.1, 0.1, 0.1, 0.1, 0.1, 0.1, 0.1, 0.2, 0.2, 0.3, 0.3, 0.3, 0.3, 0.3, 0.3, 0.3, 0.3, 0.3, 0.3, 0.3, 0.2, 0.2, 0.2, 0.2, 0.2, 0.3, 0.2, 0.3, 0.3]
           Points  242


    2010 - OPEN      0.0  --  CLOSE      5.0

           BiAnnual-AVG     3.086  --  Increase   9007%

           Prices: [0.0, 0.0, 0.0, 0.0, 0.0, 0.0, 0.0, 0.0, 0.0, 0.0, 0.0, 0.0, 0.0, 0.0, 0.0, 0.0, 0.0, 0.0, 0.0, 0.0, 0.0, 0.0, 0.0, 0.0, 0.0, 0.0, 0.0, 0.0, 0.0, 0.0, 0.0, 0.0, 0.0, 0.0, 0.0, 0.0, 0.0, 0.0, 0.0, 0.0, 0.0, 0.0, 0.0, 0.0, 0.0, 0.0, 0.0, 0.0, 0.0, 0.0, 0.0, 0.0, 0.0, 0.0, 0.0, 0.0, 0.0, 0.0, 0.0, 0.0, 0.0, 0.0, 0.0, 0.0, 0.0, 0.0, 0.0, 0.0, 0.0, 0.0, 0.0, 0.0, 0.0, 0.0, 0.0, 0.0, 0.1, 0.1, 0.1, 0.1, 0.1, 0.1, 0.1, 0.1, 0.1, 0.1, 0.1, 0.1, 0.1, 0.1, 0.1, 0.1, 0.1, 0.1, 0.1, 0.1, 0.1, 0.1, 0.1, 0.1, 0.2, 0.2, 0.3, 0.3, 0.3, 0.3, 0.3, 0.3, 0.3, 0.3, 0.3, 0.3, 0.3, 0.2, 0.2, 0.2, 0.2, 0.2, 0.3, 0.2, 0.3, 0.3, 0.3, 0.3, 0.3, 0.3, 0.5, 0.4, 0.4, 0.4, 0.4, 0.4, 0.9, 0.9, 0.9, 1.1, 1.1, 1.1, 1.0, 0.9, 1.0, 0.9, 0.9, 0.9, 0.9, 0.9, 0.9, 0.9, 0.8, 0.9, 0.9, 0.8, 0.8, 0.7, 0.8, 0.8, 0.9, 1.1, 1.2, 1.5, 1.7, 2.7, 3.5, 3.5, 3.9, 6.1, 8.9, 8.4, 7.1, 7.5, 9.3, 8.5, 9.4, 17.4, 19.1, 35.0, 24.5, 20.0, 18.9, 15.1, 17.6, 17.5, 17.0, 15.8, 16.2, 15.7, 14.2, 14.1, 14.7, 13.9, 14.7, 14.0, 14.9, 13.1, 11.0, 12.1, 9.9, 11.9, 11.7, 11.6, 11.4, 9.1, 9.2, 8.5, 8.5, 7.3, 7.4, 6.0, 5.0, 6.8, 5.7, 5.5, 4.8, 5.2, 5.0, 4.6, 4.1, 4.1, 3.8, 2.4, 3.4, 2.9, 3.8, 3.4, 3.2, 3.0, 3.0, 3.1, 2.6, 2.3, 2.4, 2.6, 2.5, 3.1, 3.0, 3.1, 3.0, 3.3, 3.2, 3.7, 4.0, 4.4, 4.2, 5.0]
           Points  244


    2011 - OPEN      0.3  --  CLOSE     13.6

           BiAnnual-AVG     7.307  --  Increase    136%

           Prices: [0.3, 0.3, 0.3, 0.3, 0.5, 0.4, 0.4, 0.4, 0.4, 0.4, 0.9, 0.9, 0.9, 1.1, 1.1, 1.1, 1.0, 0.9, 1.0, 0.9, 0.9, 0.9, 0.9, 0.9, 0.9, 0.9, 0.8, 0.9, 0.9, 0.8, 0.8, 0.7, 0.8, 0.8, 0.9, 1.1, 1.2, 1.5, 1.7, 2.7, 3.5, 3.5, 3.9, 6.1, 8.9, 8.4, 7.1, 7.5, 9.3, 8.5, 9.4, 17.4, 19.1, 35.0, 24.5, 20.0, 18.9, 15.1, 17.6, 17.5, 17.0, 15.8, 16.2, 15.7, 14.2, 14.1, 14.7, 13.9, 14.7, 14.0, 14.9, 13.1, 11.0, 12.1, 9.9, 11.9, 11.7, 11.6, 11.4, 9.1, 9.2, 8.5, 8.5, 7.3, 7.4, 6.0, 5.0, 6.8, 5.7, 5.5, 4.8, 5.2, 5.0, 4.6, 4.1, 4.1, 3.8, 2.4, 3.4, 2.9, 3.8, 3.4, 3.2, 3.0, 3.0, 3.1, 2.6, 2.3, 2.4, 2.6, 2.5, 3.1, 3.0, 3.1, 3.0, 3.3, 3.2, 3.7, 4.0, 4.4, 4.2, 5.0, 5.3, 7.2, 7.2, 7.0, 7.0, 7.0, 6.5, 6.5, 5.7, 5.6, 6.2, 6.0, 5.8, 6.0, 5.6, 4.8, 4.5, 4.9, 5.0, 4.9, 4.8, 5.0, 4.9, 5.0, 5.5, 5.4, 4.9, 4.7, 4.7, 4.8, 5.1, 4.9, 4.8, 4.9, 5.0, 5.0, 5.2, 5.2, 5.2, 5.0, 5.2, 5.1, 5.1, 5.0, 5.0, 5.1, 5.2, 5.2, 5.1, 5.2, 5.3, 5.3, 5.5, 5.6, 6.0, 6.6, 6.5, 6.8, 6.4, 6.7, 6.7, 6.5, 6.8, 7.2, 7.9, 8.3, 9.3, 9.0, 8.8, 8.9, 9.4, 11.1, 11.3, 12.0, 11.8, 12.7, 15.3, 10.3, 10.2, 12.1, 10.9, 10.2, 10.6, 11.2, 11.2, 11.8, 12.0, 12.7, 12.3, 12.3, 12.5, 12.9, 13.0, 12.1, 12.2, 12.0, 12.0, 11.8, 12.0, 11.1, 10.9, 11.3, 10.7, 11.2, 11.0, 11.1, 11.8, 11.8, 12.3, 12.6, 12.4, 12.7, 13.0, 13.7, 13.6, 13.8, 13.7, 13.4, 13.6, 13.4, 13.6, 13.6]
           Points  244


    2012 - OPEN      5.3  --  CLOSE    714.8

           BiAnnual-AVG    98.263  --  Increase   1244%

           Prices: [5.3, 7.2, 7.2, 7.0, 7.0, 7.0, 6.5, 6.5, 5.7, 5.6, 6.2, 6.0, 5.8, 6.0, 5.6, 4.8, 4.5, 4.9, 5.0, 4.9, 4.8, 5.0, 4.9, 5.0, 5.5, 5.4, 4.9, 4.7, 4.7, 4.8, 5.1, 4.9, 4.8, 4.9, 5.0, 5.0, 5.2, 5.2, 5.2, 5.0, 5.2, 5.1, 5.1, 5.0, 5.0, 5.1, 5.2, 5.2, 5.1, 5.2, 5.3, 5.3, 5.5, 5.6, 6.0, 6.6, 6.5, 6.8, 6.4, 6.7, 6.7, 6.5, 6.8, 7.2, 7.9, 8.3, 9.3, 9.0, 8.8, 8.9, 9.4, 11.1, 11.3, 12.0, 11.8, 12.7, 15.3, 10.3, 10.2, 12.1, 10.9, 10.2, 10.6, 11.2, 11.2, 11.8, 12.0, 12.7, 12.3, 12.3, 12.5, 12.9, 13.0, 12.1, 12.2, 12.0, 12.0, 11.8, 12.0, 11.1, 10.9, 11.3, 10.7, 11.2, 11.0, 11.1, 11.8, 11.8, 12.3, 12.6, 12.4, 12.7, 13.0, 13.7, 13.6, 13.8, 13.7, 13.4, 13.6, 13.4, 13.6, 13.6, 13.5, 13.5, 13.9, 14.3, 14.5, 16.0, 17.0, 19.2, 18.0, 19.7, 21.1, 20.8, 22.1, 24.2, 26.5, 25.6, 29.8, 29.3, 31.2, 34.9, 36.4, 42.5, 46.5, 46.8, 47.1, 57.8, 71.5, 73.9, 93.6, 92.5, 138.8, 142.5, 238.0, 76.5, 91.0, 96.5, 125.0, 153.2, 128.0, 139.1, 93.2, 120.9, 109.6, 114.3, 115.0, 123.7, 122.5, 131.5, 132.6, 131.0, 120.6, 122.4, 107.8, 108.0, 100.0, 100.5, 112.0, 107.7, 104.4, 95.9, 89.5, 67.9, 77.6, 87.2, 94.8, 98.0, 91.9, 95.4, 96.4, 101.0, 104.2, 104.7, 105.6, 102.6, 107.3, 98.5, 102.1, 111.0, 112.9, 119.2, 132.8, 130.4, 122.4, 121.7, 128.4, 125.5, 127.2, 123.5, 122.6, 125.6, 125.8, 117.0, 121.6, 126.1, 127.5, 139.2, 150.6, 177.1, 195.8, 189.1, 203.4, 204.2, 246.6, 325.6, 339.4, 416.5, 463.0, 595.0, 838.0, 844.9, 1083.9, 992.3, 1028.3, 723.0, 886.2, 864.7, 702.0, 660.0, 639.9, 734.4, 714.8]
           Points  243


    2013 - OPEN     13.5  --  CLOSE    313.1

           BiAnnual-AVG   358.021  --  Increase    264%

           Prices: [13.5, 13.5, 13.9, 14.3, 14.5, 16.0, 17.0, 19.2, 18.0, 19.7, 21.1, 20.8, 22.1, 24.2, 26.5, 25.6, 29.8, 29.3, 31.2, 34.9, 36.4, 42.5, 46.5, 46.8, 47.1, 57.8, 71.5, 73.9, 93.6, 92.5, 138.8, 142.5, 238.0, 76.5, 91.0, 96.5, 125.0, 153.2, 128.0, 139.1, 93.2, 120.9, 109.6, 114.3, 115.0, 123.7, 122.5, 131.5, 132.6, 131.0, 120.6, 122.4, 107.8, 108.0, 100.0, 100.5, 112.0, 107.7, 104.4, 95.9, 89.5, 67.9, 77.6, 87.2, 94.8, 98.0, 91.9, 95.4, 96.4, 101.0, 104.2, 104.7, 105.6, 102.6, 107.3, 98.5, 102.1, 111.0, 112.9, 119.2, 132.8, 130.4, 122.4, 121.7, 128.4, 125.5, 127.2, 123.5, 122.6, 125.6, 125.8, 117.0, 121.6, 126.1, 127.5, 139.2, 150.6, 177.1, 195.8, 189.1, 203.4, 204.2, 246.6, 325.6, 339.4, 416.5, 463.0, 595.0, 838.0, 844.9, 1083.9, 992.3, 1028.3, 723.0, 886.2, 864.7, 702.0, 660.0, 639.9, 734.4, 714.8, 746.9, 822.4, 867.4, 827.5, 807.8, 830.9, 833.0, 813.0, 806.0, 800.2, 802.5, 813.8, 778.0, 710.0, 667.0, 651.4, 626.8, 566.2, 545.0, 585.2, 559.9, 664.9, 609.0, 622.9, 636.5, 624.7, 590.0, 567.1, 585.7, 499.9, 479.5, 446.0, 447.7, 401.0, 405.0, 511.5, 499.9, 493.3, 459.1, 447.0, 460.0, 436.2, 446.6, 452.4, 438.9, 449.5, 446.4, 523.8, 575.0, 574.3, 620.5, 673.9, 655.8, 650.9, 617.0, 560.5, 604.6, 591.0, 585.5, 589.0, 620.0, 644.0, 634.5, 624.8, 632.0, 623.2, 629.9, 619.1, 601.2, 592.5, 573.5, 591.6, 580.2, 589.3, 579.0, 521.7, 491.9, 507.3, 503.9, 512.8, 512.0, 482.6, 486.0, 480.6, 485.0, 479.9, 468.0, 398.9, 401.0, 408.1, 380.0, 385.3, 336.0, 330.7, 359.0, 381.5, 378.0, 389.0, 385.1, 348.9, 354.9, 340.9, 325.8, 348.0, 356.3, 430.1, 373.1, 379.9, 356.9, 384.0, 372.6, 376.0, 378.2, 374.1, 350.3, 355.1, 352.1, 317.7, 326.9, 327.6, 314.4, 313.1]
           Points  243


    2014 - OPEN    746.9  --  CLOSE    429.3

           BiAnnual-AVG   399.074  --  Increase     11%

           Prices: [746.9, 822.4, 867.4, 827.5, 807.8, 830.9, 833.0, 813.0, 806.0, 800.2, 802.5, 813.8, 778.0, 710.0, 667.0, 651.4, 626.8, 566.2, 545.0, 585.2, 559.9, 664.9, 609.0, 622.9, 636.5, 624.7, 590.0, 567.1, 585.7, 499.9, 479.5, 446.0, 447.7, 401.0, 405.0, 511.5, 499.9, 493.3, 459.1, 447.0, 460.0, 436.2, 446.6, 452.4, 438.9, 449.5, 446.4, 523.8, 575.0, 574.3, 620.5, 673.9, 655.8, 650.9, 617.0, 560.5, 604.6, 591.0, 585.5, 589.0, 620.0, 644.0, 634.5, 624.8, 632.0, 623.2, 629.9, 619.1, 601.2, 592.5, 573.5, 591.6, 580.2, 589.3, 579.0, 521.7, 491.9, 507.3, 503.9, 512.8, 512.0, 482.6, 486.0, 480.6, 485.0, 479.9, 468.0, 398.9, 401.0, 408.1, 380.0, 385.3, 336.0, 330.7, 359.0, 381.5, 378.0, 389.0, 385.1, 348.9, 354.9, 340.9, 325.8, 348.0, 356.3, 430.1, 373.1, 379.9, 356.9, 384.0, 372.6, 376.0, 378.2, 374.1, 350.3, 355.1, 352.1, 317.7, 326.9, 327.6, 314.4, 313.1, 316.1, 276.8, 276.8, 272.2, 176.5, 197.1, 213.0, 233.0, 271.5, 233.2, 220.7, 222.6, 225.2, 220.2, 239.9, 235.9, 241.6, 236.0, 238.6, 253.0, 275.8, 272.1, 287.5, 297.4, 283.6, 265.9, 257.8, 247.8, 248.6, 245.2, 252.4, 257.0, 245.9, 236.7, 216.0, 222.7, 224.6, 235.5, 218.4, 225.7, 234.1, 234.7, 244.7, 244.2, 238.3, 235.8, 234.6, 238.8, 235.9, 235.9, 222.4, 225.5, 222.6, 228.0, 230.2, 245.3, 246.4, 246.3, 241.9, 248.8, 257.9, 257.9, 267.3, 287.0, 289.9, 275.8, 276.1, 277.5, 287.1, 295.2, 284.8, 284.4, 277.1, 265.4, 267.9, 265.4, 253.9, 233.6, 213.2, 228.3, 226.5, 230.7, 234.7, 243.1, 239.9, 230.9, 234.0, 230.2, 229.9, 233.8, 237.7, 237.8, 239.2, 243.9, 248.1, 254.6, 269.1, 269.8, 277.4, 284.9, 310.4, 311.5, 437.1, 387.4, 353.6, 332.2, 329.3, 329.0, 322.3, 325.0, 353.9, 359.3, 360.9, 395.6, 415.6, 438.8, 454.4, 461.2, 436.0, 455.0, 424.0, 429.3]
           Points  244


    2015 - OPEN    316.1  --  CLOSE    959.9

           BiAnnual-AVG     420.8  --  Increase      5%

           Prices: [316.1, 276.8, 276.8, 272.2, 176.5, 197.1, 213.0, 233.0, 271.5, 233.2, 220.7, 222.6, 225.2, 220.2, 239.9, 235.9, 241.6, 236.0, 238.6, 253.0, 275.8, 272.1, 287.5, 297.4, 283.6, 265.9, 257.8, 247.8, 248.6, 245.2, 252.4, 257.0, 245.9, 236.7, 216.0, 222.7, 224.6, 235.5, 218.4, 225.7, 234.1, 234.7, 244.7, 244.2, 238.3, 235.8, 234.6, 238.8, 235.9, 235.9, 222.4, 225.5, 222.6, 228.0, 230.2, 245.3, 246.4, 246.3, 241.9, 248.8, 257.9, 257.9, 267.3, 287.0, 289.9, 275.8, 276.1, 277.5, 287.1, 295.2, 284.8, 284.4, 277.1, 265.4, 267.9, 265.4, 253.9, 233.6, 213.2, 228.3, 226.5, 230.7, 234.7, 243.1, 239.9, 230.9, 234.0, 230.2, 229.9, 233.8, 237.7, 237.8, 239.2, 243.9, 248.1, 254.6, 269.1, 269.8, 277.4, 284.9, 310.4, 311.5, 437.1, 387.4, 353.6, 332.2, 329.3, 329.0, 322.3, 325.0, 353.9, 359.3, 360.9, 395.6, 415.6, 438.8, 454.4, 461.2, 436.0, 455.0, 424.0, 429.3, 428.1, 430.8, 450.1, 446.7, 391.6, 385.3, 408.0, 404.8, 394.4, 378.2, 373.5, 386.5, 375.8, 376.8, 402.4, 418.0, 439.5, 417.0, 424.3, 436.2, 421.4, 408.9, 413.1, 410.0, 414.8, 408.9, 410.5, 416.5, 426.8, 412.4, 418.1, 421.8, 422.2, 420.7, 423.8, 425.7, 442.3, 451.3, 468.0, 456.2, 443.9, 448.5, 457.8, 452.5, 455.6, 452.9, 441.2, 442.2, 452.5, 512.2, 539.5, 573.7, 577.5, 577.5, 702.1, 762.4, 760.8, 587.5, 664.9, 646.4, 675.2, 676.3, 636.4, 648.1, 657.5, 662.2, 672.8, 651.6, 654.7, 655.3, 628.0, 565.1, 588.2, 588.8, 587.8, 570.1, 576.0, 582.8, 582.8, 571.5, 578.6, 576.2, 608.1, 627.8, 608.2, 612.1, 608.0, 609.7, 604.2, 608.1, 606.4, 610.5, 612.4, 618.0, 639.3, 639.6, 638.2, 630.2, 653.0, 672.2, 714.9, 728.2, 703.7, 703.8, 713.7, 701.9, 736.9, 750.0, 748.7, 739.8, 733.1, 752.2, 764.8, 766.1, 773.4, 778.5, 781.6, 789.5, 860.6, 886.9, 967.5, 959.9]
           Points  244


    2016 - OPEN    428.1  --  CLOSE  14640.1

           BiAnnual-AVG  2275.447  --  Increase    440%

           Prices: [428.1, 430.8, 450.1, 446.7, 391.6, 385.3, 408.0, 404.8, 394.4, 378.2, 373.5, 386.5, 375.8, 376.8, 402.4, 418.0, 439.5, 417.0, 424.3, 436.2, 421.4, 408.9, 413.1, 410.0, 414.8, 408.9, 410.5, 416.5, 426.8, 412.4, 418.1, 421.8, 422.2, 420.7, 423.8, 425.7, 442.3, 451.3, 468.0, 456.2, 443.9, 448.5, 457.8, 452.5, 455.6, 452.9, 441.2, 442.2, 452.5, 512.2, 539.5, 573.7, 577.5, 577.5, 702.1, 762.4, 760.8, 587.5, 664.9, 646.4, 675.2, 676.3, 636.4, 648.1, 657.5, 662.2, 672.8, 651.6, 654.7, 655.3, 628.0, 565.1, 588.2, 588.8, 587.8, 570.1, 576.0, 582.8, 582.8, 571.5, 578.6, 576.2, 608.1, 627.8, 608.2, 612.1, 608.0, 609.7, 604.2, 608.1, 606.4, 610.5, 612.4, 618.0, 639.3, 639.6, 638.2, 630.2, 653.0, 672.2, 714.9, 728.2, 703.7, 703.8, 713.7, 701.9, 736.9, 750.0, 748.7, 739.8, 733.1, 752.2, 764.8, 766.1, 773.4, 778.5, 781.6, 789.5, 860.6, 886.9, 967.5, 959.9, 1023.1, 883.1, 894.2, 803.4, 822.2, 875.0, 920.4, 890.3, 919.3, 921.2, 1007.6, 1014.8, 1052.4, 1008.8, 1011.8, 1055.5, 1084.8, 1172.0, 1175.0, 1222.5, 1267.0, 1238.4, 1098.6, 1239.8, 1180.9, 1029.8, 1028.7, 959.3, 1046.1, 1079.5, 1141.8, 1196.3, 1208.8, 1218.9, 1184.9, 1216.2, 1258.4, 1262.9, 1345.4, 1353.0, 1507.6, 1560.4, 1721.3, 1720.5, 1723.1, 1899.1, 2046.5, 2379.2, 2014.1, 2239.2, 2446.1, 2698.3, 2793.0, 2961.8, 2447.0, 2665.9, 2755.0, 2710.4, 2436.5, 2544.4, 2501.2, 2619.2, 2562.1, 2369.9, 2190.9, 2176.6, 2898.2, 2725.5, 2495.0, 2722.5, 2710.4, 2873.9, 3407.2, 3424.4, 4125.5, 4360.9, 4222.7, 4082.2, 4363.1, 4391.7, 4748.3, 4648.2, 4641.8, 4375.6, 4219.0, 3774.3, 4093.3, 3658.9, 3703.0, 4202.6, 4335.4, 4293.3, 4345.6, 4778.0, 5325.1, 5647.3, 5546.2, 6020.4, 5505.8, 5772.5, 6105.9, 7068.0, 7377.0, 7415.9, 6362.9, 6635.4, 7786.9, 8255.6, 8148.9, 9284.1, 9879.3, 11071.4, 11878.4, 16007.4, 16762.1, 16678.9, 19289.8, 16026.3, 15360.3, 15999.0, 14640.1]
           Points  243


    2017 - OPEN   1023.1  --  CLOSE   3832.9

           BiAnnual-AVG  5790.092  --  Increase    154%

           Prices: [1023.1, 883.1, 894.2, 803.4, 822.2, 875.0, 920.4, 890.3, 919.3, 921.2, 1007.6, 1014.8, 1052.4, 1008.8, 1011.8, 1055.5, 1084.8, 1172.0, 1175.0, 1222.5, 1267.0, 1238.4, 1098.6, 1239.8, 1180.9, 1029.8, 1028.7, 959.3, 1046.1, 1079.5, 1141.8, 1196.3, 1208.8, 1218.9, 1184.9, 1216.2, 1258.4, 1262.9, 1345.4, 1353.0, 1507.6, 1560.4, 1721.3, 1720.5, 1723.1, 1899.1, 2046.5, 2379.2, 2014.1, 2239.2, 2446.1, 2698.3, 2793.0, 2961.8, 2447.0, 2665.9, 2755.0, 2710.4, 2436.5, 2544.4, 2501.2, 2619.2, 2562.1, 2369.9, 2190.9, 2176.6, 2898.2, 2725.5, 2495.0, 2722.5, 2710.4, 2873.9, 3407.2, 3424.4, 4125.5, 4360.9, 4222.7, 4082.2, 4363.1, 4391.7, 4748.3, 4648.2, 4641.8, 4375.6, 4219.0, 3774.3, 4093.3, 3658.9, 3703.0, 4202.6, 4335.4, 4293.3, 4345.6, 4778.0, 5325.1, 5647.3, 5546.2, 6020.4, 5505.8, 5772.5, 6105.9, 7068.0, 7377.0, 7415.9, 6362.9, 6635.4, 7786.9, 8255.6, 8148.9, 9284.1, 9879.3, 11071.4, 11878.4, 16007.4, 16762.1, 16678.9, 19289.8, 16026.3, 15360.3, 15999.0, 14640.1, 13812.2, 15199.4, 16651.5, 15126.4, 14499.8, 11181.0, 11422.4, 10544.6, 11214.4, 11765.7, 10125.0, 9076.7, 7685.6, 8535.5, 8811.3, 9977.2, 10503.3, 10532.8, 9698.0, 10763.9, 11055.8, 11595.5, 9429.1, 9761.4, 8151.5, 7993.7, 8986.9, 8686.8, 8197.5, 7172.3, 6794.1, 6787.8, 6927.7, 6787.6, 7895.4, 8043.8, 8254.6, 8838.5, 8995.5, 9326.2, 9075.1, 9710.7, 9345.7, 9101.5, 8727.7, 8340.7, 8223.3, 8015.6, 7445.2, 7130.5, 7491.4, 7699.9, 7655.6, 7564.4, 6535.1, 6434.1, 6713.5, 6733.9, 6037.0, 6105.3, 6381.4, 6613.7, 6569.5, 6723.9, 6233.6, 6316.9, 7398.7, 7352.5, 8112.9, 8025.3, 8143.1, 7593.1, 6998.7, 6450.4, 6195.7, 6050.9, 6476.9, 6434.6, 6434.9, 6673.3, 7054.3, 7100.9, 7326.9, 6444.8, 6297.9, 6450.2, 6480.6, 6335.8, 6709.3, 6412.5, 6677.3, 6591.0, 6563.6, 6558.5, 6563.0, 6260.6, 6596.6, 6487.4, 6498.5, 6478.1, 6448.2, 6310.3, 6363.8, 6445.4, 6411.3, 6401.9, 5615.2, 5606.0, 4533.7, 4293.8, 3751.7, 4106.9, 3967.5, 3742.9, 3528.8, 3462.0, 3225.3, 3567.5, 4015.6, 4178.6, 3747.8, 3832.9]
           Points  243


    2018 - OPEN  13812.2  --  CLOSE  10471.5

           BiAnnual-AVG  7318.247  --  Increase     26%

           Prices: [13812.2, 15199.4, 16651.5, 15126.4, 14499.8, 11181.0, 11422.4, 10544.6, 11214.4, 11765.7, 10125.0, 9076.7, 7685.6, 8535.5, 8811.3, 9977.2, 10503.3, 10532.8, 9698.0, 10763.9, 11055.8, 11595.5, 9429.1, 9761.4, 8151.5, 7993.7, 8986.9, 8686.8, 8197.5, 7172.3, 6794.1, 6787.8, 6927.7, 6787.6, 7895.4, 8043.8, 8254.6, 8838.5, 8995.5, 9326.2, 9075.1, 9710.7, 9345.7, 9101.5, 8727.7, 8340.7, 8223.3, 8015.6, 7445.2, 7130.5, 7491.4, 7699.9, 7655.6, 7564.4, 6535.1, 6434.1, 6713.5, 6733.9, 6037.0, 6105.3, 6381.4, 6613.7, 6569.5, 6723.9, 6233.6, 6316.9, 7398.7, 7352.5, 8112.9, 8025.3, 8143.1, 7593.1, 6998.7, 6450.4, 6195.7, 6050.9, 6476.9, 6434.6, 6434.9, 6673.3, 7054.3, 7100.9, 7326.9, 6444.8, 6297.9, 6450.2, 6480.6, 6335.8, 6709.3, 6412.5, 6677.3, 6591.0, 6563.6, 6558.5, 6563.0, 6260.6, 6596.6, 6487.4, 6498.5, 6478.1, 6448.2, 6310.3, 6363.8, 6445.4, 6411.3, 6401.9, 5615.2, 5606.0, 4533.7, 4293.8, 3751.7, 4106.9, 3967.5, 3742.9, 3528.8, 3462.0, 3225.3, 3567.5, 4015.6, 4178.6, 3747.8, 3832.9, 3867.1, 3868.5, 4035.9, 3656.7, 3604.1, 3620.0, 3620.1, 3579.9, 3589.3, 3417.2, 3454.2, 3452.3, 3404.0, 3645.3, 3623.1, 3630.4, 3933.1, 3968.7, 3829.6, 3843.6, 3827.7, 3863.3, 3919.6, 3880.8, 3918.1, 3998.5, 4026.6, 3995.3, 4011.4, 4107.3, 4675.1, 4980.9, 5214.3, 5111.8, 5077.8, 5214.6, 5303.0, 5527.8, 5280.6, 5277.9, 5365.0, 5718.2, 5851.7, 6833.4, 8005.3, 7266.0, 7926.7, 7688.5, 8114.9, 8646.2, 8543.0, 7848.4, 7920.9, 7815.1, 8163.7, 9096.3, 9147.0, 10730.4, 11314.8, 11665.6, 10690.8, 11779.5, 11310.5, 12668.6, 11412.1, 10300.4, 10455.7, 10449.6, 10021.3, 9500.3, 9873.8, 10790.6, 11759.0, 11816.9, 11397.8, 9988.9, 10295.1, 10169.1, 10158.5, 10176.8, 9539.3, 9937.6, 10559.0, 10471.5]
           Points  206


--------------------------------------------------


PERIOD: [ 2009-01-06  -->  2019-09-08 ]

DAYS:           3897

DATA-POINTS:    1300

Global Avg Price:              1678
Compound Annual Growth Rate:    124%  (2009-01-06 --> 2019-09-08)

YEAR:                     2009        2010        2011        2012        2013        2014        2015        2016        2017        2018        2019
ANNUAL AVG:                0.0        0.07         6.1        8.51         188         525         272         569        3995        7569        6952
ANNUAL GROWTH:               0%          0%       8982%         39%       2118%        178%        -48%        109%        601%         89%         -8%

BIANNUAL AVG:             0.03        3.09        7.31       98.26         358         399         420        2275        5790        7318
BIANNUAL GROWTH:             0%       9007%        136%       1244%        264%         11%          5%        440%        154%         26%


Process finished with exit code 0
